# WELL TRACE FROM PETREL 
# WELL NAME:              X8
# DEFINITIVE SURVEY:      X Y TVD survey 2
# WELL HEAD X-COORDINATE: 389302.73000000 (m)
# WELL HEAD Y-COORDINATE: 7523500.50000000 (m)
# WELL DATUM (KB, Kelly bushing, from MSL): 53.00000000 (m)
# WELL TYPE:              UNDEFINED
# MD AND TVD ARE REFERENCED (=0) AT WELL DATUM AND INCREASE DOWNWARDS
# ANGLES ARE GIVEN IN DEGREES
# XYZ TRACE IS GIVEN IN COORDINATE SYSTEM Pulkovo_1942_UTM_43N [DBX,600001]
# AZIM_TN: azimuth in True North 
# AZIM_GN: azimuth in Grid North 
# DX DY ARE GIVEN IN GRID NORTH IN m-UNITS
# DEPTH (Z, tvd_z) GIVEN IN m-UNITS
# ANGLES ARE NOT EXACT (TRACE WAS NOT IMPORTED USING ANGLES)
# MD IS NOT EXACT (TRACE WAS NOT IMPORTED WITH MD-DATA)
#===============================================================================================================================================
      MD            X            Y            Z           TVD           DX          DY        AZIM_TN        INCL         DLS        AZIM_GN
#===============================================================================================================================================
 0.0000000000 389302.73000 7523500.5000 53.000000000 0.0000000000 0.0000000020 0.0000000028 357.56799573 0.0000000000 0.0000000000 0.0000000000
 83.000000000 389302.73000 7523500.5000 -30.00000000 83.000000000 0.0000000020 0.0000000028 0.0000000000 0.0000000000 0.0000000000 2.4320042703
 113.00000000 389302.73000 7523500.5000 -60.00000000 113.00000000 0.0000000020 0.0000000028 0.0000000000 0.0000000000 0.0000000000 2.4320042703
 143.00000000 389302.73000 7523500.5000 -90.00000000 143.00000000 0.0000000020 0.0000000028 0.0000000000 0.0000000000 0.0000000000 2.4320042703
 173.00000000 389302.73000 7523500.5000 -120.0000000 173.00000000 0.0000000020 0.0000000028 0.0000000000 0.0000000000 0.0000000000 2.4320042703
 203.00000000 389302.73000 7523500.5000 -150.0000000 203.00000000 0.0000000020 0.0000000028 0.0000000000 0.0000000000 0.0000000000 2.4320042703
 233.00000000 389302.73000 7523500.5000 -180.0000000 233.00000000 0.0000000020 0.0000000028 0.0000000000 0.0000000000 0.0000000000 2.4320042703
 263.00000000 389302.73000 7523500.5000 -210.0000000 263.00000000 0.0000000020 0.0000000028 0.0000000000 0.0000000000 0.0000000000 2.4320042703
 293.00000000 389302.73000 7523500.5000 -240.0000000 293.00000000 0.0000000020 0.0000000028 0.0000000000 0.0000000000 0.0000000000 2.4320042703
 323.00000000 389302.73000 7523500.5000 -270.0000000 323.00000000 0.0000000020 0.0000000028 0.0000000000 0.0000000000 0.0000000000 2.4320042703
 353.00000000 389302.73000 7523500.5000 -300.0000000 353.00000000 0.0000000020 0.0000000028 0.0000000000 0.0000000000 0.0000000000 2.4320042703
 383.00000000 389302.73000 7523500.5000 -330.0000000 383.00000000 0.0000000020 0.0000000028 0.0000000000 0.0000000000 0.0000000000 2.4320042703
 413.00000000 389302.73000 7523500.5000 -360.0000000 413.00000000 0.0000000020 0.0000000028 0.0000000000 0.0000000000 0.0000000000 2.4320042703
 443.00000000 389302.73000 7523500.5000 -390.0000000 443.00000000 0.0000000020 0.0000000028 0.0000000000 0.0000000000 0.0000000000 2.4320042703
 473.00000000 389302.73000 7523500.5000 -420.0000000 473.00000000 0.0000000020 0.0000000028 0.0000000000 0.0000000000 0.0000000000 2.4320042703
 503.00000000 389302.73000 7523500.5000 -450.0000000 503.00000000 0.0000000020 0.0000000028 0.0000000000 0.0000000000 0.0000000000 2.4320042703
 513.00000000 389302.73000 7523500.5000 -460.0000000 513.00000000 0.0000000020 0.0000000028 10.068857325 0.0749805499 0.2249416496 12.500861595
 519.99999421 389302.73337 7523500.5152 -466.9999769 519.99997689 0.0033700002 0.0152000021 10.079405400 0.2553110240 0.7728455360 12.511409671
 529.99997714 389302.74993 7523500.5898 -476.9996677 529.99966770 0.0199299998 0.0898000002 10.056504063 0.6218308496 1.0995614574 12.488508334
 532.99997761 389302.75759 7523500.6244 -479.9994588 532.99945875 0.0275899999 0.1243999982 10.060588901 0.7315332401 1.0970238398 12.492593172
 539.99997226 389302.78031 7523500.7268 -486.9986671 539.99866711 0.0503100001 0.2268000003 10.079223130 0.9869587108 1.0946820656 12.511227401
 549.99995549 389302.82454 7523500.9261 -496.9965652 549.99656523 0.0945400004 0.4260999998 10.078250939 1.3535533717 1.0997858292 12.510255209
 559.99994094 389302.88262 7523501.1879 -506.9929526 559.99295261 0.1526199998 0.6878999993 10.080385673 1.7201797654 1.0998807938 12.512389943
 562.99994068 389302.90275 7523501.2786 -509.9915127 562.99151266 0.1727500003 0.7786000008 10.081185918 1.8301631638 1.0998341100 12.513190189
 569.99993520 389302.95457 7523501.5121 -516.9874177 569.98741769 0.2245700001 1.0120999999 10.079476452 2.0870988810 1.1011539630 12.511480722
 579.99992288 389303.04037 7523501.8988 -526.9795534 579.97955342 0.3103700001 1.3988000005 10.077639466 2.4539958039 1.1006921470 12.509643736
 589.99991235 389303.14001 7523502.3479 -536.9689510 589.96895103 0.4100100001 1.8479000004 10.076734876 2.8207050937 1.1001290348 12.508739146
 592.99991378 389303.17260 7523502.4948 -539.9651746 592.96517458 0.4426000001 1.9947999995 10.077170980 2.9307325629 1.1002741874 12.509175250
 599.99991178 389303.25350 7523502.8594 -546.9551978 599.95519777 0.5234999994 2.3594000023 10.078045052 3.1875052947 1.1004548979 12.510049322
 609.99990457 389303.38083 7523503.4333 -556.9378882 609.93788823 0.6508299994 2.9333000006 10.077801177 3.5541730252 1.1000039853 12.509805448
 619.99989765 389303.52199 7523504.0695 -566.9166142 619.91661423 0.7919900002 3.5695000002 10.079869357 3.9205654153 1.0991780049 12.511873627
 622.99989908 389303.56704 7523504.2725 -569.9093969 622.90939695 0.8370400001 3.7725000000 10.079200620 4.0308199262 1.1025446835 12.511204890
 629.99990529 389303.67699 7523504.7681 -576.8909619 629.89096194 0.9469900000 4.2680999991 10.077675004 4.2878717452 1.1016497766 12.509679275
 639.99989847 389303.84581 7523505.5289 -586.8605278 639.86052777 1.1158099999 5.0289000003 10.077843085 4.6544827061 1.0998336340 12.509847355
 649.99990677 389304.02844 7523506.3521 -596.8249042 649.82490424 1.2984400000 5.8521000016 10.079941366 5.0201970862 1.0971423572 12.511945636
 652.99990533 389304.08592 7523506.6111 -599.8131431 652.81314305 1.3559199996 6.1111000003 10.079723794 5.1300019911 1.0980495941 12.511728064
 659.99992017 389304.22485 7523507.2373 -606.7836935 659.78369353 1.4948500001 6.7373000002 10.077351527 5.3858934774 1.0966758684 12.509355797
 669.99992739 389304.43494 7523508.1842 -616.7365281 669.73652811 1.7049400006 7.6842000009 10.077999762 5.7491420031 1.0897448073 12.510004032
 679.99993553 389304.65871 7523509.1927 -626.6830091 679.68300908 1.9287099995 8.6926999995 10.080689540 6.1118085948 1.0879992083 12.512693810
 682.99993841 389304.72851 7523509.5072 -629.6656561 682.66565607 1.9985100002 9.0071999989 10.080047541 6.2213981601 1.0958948179 12.512051811
 689.99995908 389304.89617 7523510.2629 -636.6227242 689.62272422 2.1661700000 9.7628999995 10.077654578 6.4785101806 1.1019059892 12.509658849
 699.99997164 389305.14739 7523511.3951 -646.5552259 699.55522592 2.4173900005 10.895100000 10.077790840 6.8450114816 1.0995025228 12.509795111
 709.99999914 389305.41236 7523512.5894 -656.4801058 709.48010575 2.6823599999 12.089400000 10.079934681 7.2108530408 1.0975219414 12.511938951
 713.00000226 389305.49454 7523512.9597 -659.4560209 712.45602092 2.7645400002 12.459700000 10.079876612 7.3209781442 1.1012498909 12.511880882
 720.00002581 389305.69110 7523513.8456 -666.3969476 719.39694759 2.9611000000 13.345600000 10.077776950 7.5786819165 1.1044416392 12.509781221
 730.00005699 389305.98357 7523515.1638 -676.3053542 729.30535420 3.2535699999 14.663800000 10.077980731 7.9451908165 1.0995232746 12.509985001
 740.00008615 389306.28977 7523516.5438 -686.2049211 739.20492111 3.5597699998 16.043800000 10.077860051 8.3123533990 1.1014845370 12.509864321
 743.00010534 389306.38431 7523516.9699 -689.1730048 742.17300481 3.6543100002 16.469900001 10.077911289 8.4224201536 1.1006605062 12.509915559
 750.00013518 389306.60970 7523517.9857 -696.0952318 749.09523175 3.8797000000 17.485700001 10.077928106 8.6789489032 1.0994042400 12.509932376
 760.00018697 389306.94332 7523519.4894 -705.9758913 758.97589128 4.2133200002 18.989400001 10.077763086 9.0456289445 1.1000344301 12.509767356
 770.00023309 389307.29063 7523521.0547 -715.8464965 768.84649653 4.5606300003 20.554700000 10.078350791 9.4119412641 1.0989319263 12.510355062
 773.00024926 389307.39749 7523521.5363 -718.8056548 771.80565479 4.6674899993 21.036300001 10.078153601 9.5221687039 1.1022685065 12.510157871
 780.00029778 389307.65162 7523522.6817 -725.7066306 778.70663062 4.9216200003 22.181700001 10.077875504 9.7792214197 1.1016468779 12.509879775
 790.00034900 389308.02627 7523524.3702 -735.5559013 788.55590130 5.2962700003 23.870200000 10.078202465 10.145597902 1.0991238288 12.510206735
 800.00041048 389308.41456 7523526.1202 -745.3939068 798.39390683 5.6845600000 25.620200000 10.077361264 10.512591362 1.1009737054 12.509365534
 803.00043617 389308.53370 7523526.6572 -748.3430490 801.34304898 5.8037000002 26.157199998 10.077487083 10.622734169 1.1014186608 12.509491353
 810.00049292 389308.81649 7523527.9317 -755.2202302 808.22023018 6.0864899995 27.431699999 10.078127008 10.879415205 1.1000527854 12.510131278
 820.00056397 389309.23202 7523529.8045 -765.0344818 818.03448180 6.5020200000 29.304499999 10.077897614 11.246019303 1.0998044866 12.509901884
 830.00065124 389309.66115 7523531.7386 -774.8362616 827.83626155 6.9311499998 31.238599999 10.077537324 11.613306908 1.1018532213 12.509541595
 833.00068820 389309.79254 7523532.3308 -777.7743006 830.77430061 7.0625400008 31.830800000 10.077812345 11.722718170 1.0940992789 12.509816616
 840.00074183 389310.10383 7523533.7337 -784.6251902 837.62519017 7.3738300002 33.233700000 10.078209279 11.976936858 1.0895003704 12.510213549
 850.00084732 389310.55995 7523535.7895 -794.4009527 847.40095265 7.8299500003 35.289500001 10.077936561 12.340757982 1.0914518727 12.509940832
 860.00093769 389311.02950 7523537.9057 -804.1631592 857.16315920 8.2994999998 37.405700002 10.077516418 12.704799564 1.0921149102 12.509520689
 863.00098538 389311.17298 7523538.5524 -807.0891221 860.08912215 8.4429800001 38.052400001 10.077549690 12.814127609 1.0932630749 12.509553960
 870.00106231 389311.51248 7523540.0825 -813.9113932 866.91139316 8.7824800001 39.582499999 10.078051629 13.069852316 1.0959510908 12.510055900
 880.00118033 389312.00895 7523542.3201 -823.6451692 876.64516919 9.2789500001 41.820099999 10.077923909 13.436466235 1.0998287811 12.509928179
 890.00129631 389312.51889 7523544.6184 -833.3640850 886.36408502 9.7888899996 44.118400000 10.078407355 13.802680031 1.0986286996 12.510411625
 893.00132930 389312.67450 7523545.3197 -836.2767991 889.27679914 9.9445000003 44.819700001 10.078406888 13.912872508 1.1019126580 12.510411158
 900.00142627 389313.04231 7523546.9774 -843.0677241 896.06772408 10.312310000 46.477400001 10.078092566 14.170167157 1.1026761225 12.510096836
 910.00156354 389313.57917 7523549.3970 -852.7557058 905.75570576 10.849169999 48.897000001 10.077825842 14.536874426 1.1001067260 12.509830112
 920.00172042 389314.12943 7523551.8771 -862.4276356 915.42763558 11.399430000 51.377099999 10.078158215 14.903594288 1.1001423551 12.510162485
 923.00177009 389314.29713 7523552.6329 -865.3260215 918.32602155 11.567130000 52.132900000 10.078179361 15.013714801 1.1011868987 12.510183631
 930.00189160 389314.69311 7523554.4176 -872.0830974 925.08309745 11.963109999 53.917600000 10.077914657 15.270497620 1.1004787339 12.509918927
 940.00204639 389315.27015 7523557.0183 -881.7217140 934.72171402 12.540150000 56.518300001 10.078195128 15.636754082 1.0987524008 12.510199399
 950.00219976 389315.86054 7523559.6791 -891.3430930 944.34309300 13.130540001 59.179100000 10.077496432 16.003917820 1.1014744699 12.509500702
 953.00226123 389316.04025 7523560.4891 -894.2260825 947.22608254 13.310250000 59.989100001 10.077824537 16.114347386 1.1042734003 12.509828807
 956.21231673 389316.23389 7523561.3618 -897.3090932 950.30909320 13.503890000 60.861799998 10.077843656 16.201583859 0.8152800448 12.509847927
 960.00240915 389316.46334 7523562.3960 -900.9480521 953.94805213 13.733340000 61.896000002 10.077342001 16.234563167 0.2610459270 12.509346271
 970.00260940 389317.06875 7523565.1246 -910.5495269 963.54952687 14.338750000 64.624599999 10.078193466 16.233678572 0.0027481339 12.510197737
 980.00278298 389317.67417 7523567.8531 -920.1510016 973.15100162 14.944170000 67.353100000 10.077637909 16.234086349 0.0013090356 12.509642179
 983.00284833 389317.85579 7523568.6717 -923.0314440 976.03144404 15.125789999 68.171700000 10.077587278 16.234139086 0.0005460187 12.509591549
 990.00298325 389318.27958 7523570.5817 -929.7524764 982.75247637 15.549580000 70.081700000 10.077905009 16.233836934 0.0013497047 12.509909279
 997.24312607 389318.71789 7523572.5572 -936.7039441 989.70394408 15.987890000 72.057200000 10.186829063 16.159302417 0.3335116683 12.618833333
 1000.0031792 389318.88592 7523573.3052 -939.3553326 992.35533262 16.155920000 72.805199999 10.380278782 16.028023310 1.5413762389 12.812283052
 1010.0032931 389319.51016 7523575.9300 -948.9844232 1001.9844232 16.780160000 75.430000001 11.539526855 15.284591865 2.4195862934 13.971531125
 1013.0033262 389319.70214 7523576.6912 -951.8798693 1004.8798693 16.972140000 76.191200000 11.909059379 15.063029147 2.4175162083 14.341063649
 1020.0034276 389320.15854 7523578.4204 -958.6475414 1011.6475414 17.428540000 77.920400000 12.814724559 14.548396848 2.4182321526 15.246728829
 1030.0034749 389320.83099 7523580.7757 -968.3428143 1021.3428143 18.100990000 80.275699999 14.224132395 13.818261625 2.4228939192 16.656136665
 1040.0035394 389321.52735 7523582.9956 -978.0683327 1031.0683327 18.797350000 82.495600000 15.785077975 13.097791541 2.4204313268 18.217082245
 1043.0035819 389321.74090 7523583.6351 -980.9915952 1033.9915952 19.010900000 83.135100001 16.287192434 12.883254079 2.4241167421 18.719196704
 1050.0036223 389322.24748 7523585.0795 -987.8221500 1040.8221500 19.517480000 84.579500000 17.524184576 12.386586425 2.4238226168 19.956188847
 1060.0036600 389322.99117 7523587.0271 -997.6023524 1050.6023524 20.261170000 86.527100000 19.466976791 11.688117889 2.4221415185 21.898981061
 1070.0036596 389323.75823 7523588.8378 -1007.406996 1060.4069963 21.028230000 88.337800000 21.647751275 11.005477083 2.4185024035 24.079755546
 1073.0036977 389323.99289 7523589.3544 -1010.352862 1063.3528623 21.262890000 88.854399999 22.356190010 10.803813489 2.4212817770 24.788194280
 1080.0037164 389324.54861 7523590.5116 -1017.234105 1070.2341049 21.818610000 90.011600000 24.116762293 10.339973240 2.4221847444 26.548766563
 1090.0037124 389325.36227 7523592.0483 -1027.081689 1080.0816893 22.632270000 91.548300000 26.910464701 9.6978146358 2.4155244011 29.342468971
 1100.0037015 389326.19908 7523593.4476 -1036.947801 1089.9478010 23.469080000 92.947600001 30.092893601 9.0805223034 2.4191289199 32.524897871
 1103.0037097 389326.45462 7523593.8405 -1039.910953 1092.9109527 23.724619999 93.340500001 31.130531343 8.9012161853 2.4174905543 33.562535613
 1110.0037232 389327.05884 7523594.7091 -1046.830496 1099.8304961 24.328840000 94.209100000 33.715193050 8.4942832583 2.4177456121 36.147197320
 1120.0036916 389327.94116 7523595.8324 -1056.727872 1109.7278723 25.211160000 95.332400000 37.855509578 7.9447728929 2.4220308144 40.287513848
 1130.0036544 389328.84585 7523596.8172 -1066.637972 1119.6379715 26.115850000 96.317200000 42.578409520 7.4420438856 2.4221242548 45.010413791
 1133.0036652 389329.12159 7523597.0856 -1069.613189 1122.6131891 26.391590000 96.585599999 44.117863569 7.3022159159 2.4200133118 46.549867839
 1140.0036654 389329.77284 7523597.6634 -1076.558810 1129.5588096 27.042840000 97.163400000 47.939363419 6.9988026737 2.4173584846 50.371367690
 1150.0036222 389330.72229 7523598.3711 -1086.488368 1139.4883685 27.992290000 97.871100000 53.962375190 6.6248271605 2.4174843803 56.394379460
 1160.0035710 389331.69402 7523598.9401 -1096.424682 1149.4246817 28.964020000 98.440100000 60.626624558 6.3312924037 2.4197442034 63.058628829
 1163.0035747 389331.98987 7523599.0837 -1099.406597 1152.4065972 29.259870000 98.583700001 62.733891869 6.2606984971 2.4161906390 65.165896139
 1170.0035685 389332.68780 7523599.3703 -1106.365791 1159.3657913 29.957800000 98.870300001 67.817763822 6.1285336341 2.4174578410 70.249768092
 1180.0035120 389333.70300 7523599.6613 -1116.309784 1169.3097845 30.972999999 99.161300002 75.385784752 6.0255290413 2.4215737287 77.817789023
 1190.0034571 389334.73938 7523599.8132 -1126.254692 1179.2546925 32.009380000 99.313200000 83.076676708 6.0294887643 2.4210118976 85.508680978
 1193.0034635 389335.05440 7523599.8316 -1129.238048 1182.2380484 32.324400000 99.331600000 85.368670773 6.0516759484 2.4219465870 87.800675043
 1200.0034546 389335.79678 7523599.8258 -1136.198540 1189.1985396 33.066780000 99.325800000 90.619297838 6.1402577707 2.4187446521 93.051302108
 1210.0034009 389336.87500 7523599.6994 -1146.139355 1199.1393545 34.145000000 99.199400000 97.775475799 6.3517508133 2.4186096012 100.20748007
 1220.0033511 389337.97379 7523599.4338 -1156.075173 1209.0751726 35.243790000 98.933800000 104.38231551 6.6547164157 2.4201878169 106.81431978
 1223.0033595 389338.30742 7523599.3270 -1159.054648 1212.0546480 35.577420000 98.826999999 106.23903373 6.7616524040 2.4180237517 108.67103800
 1230.0033576 389339.09300 7523599.0292 -1166.004022 1219.0040221 36.363000000 98.529200001 110.33564830 7.0367440515 2.4154022565 112.76765257
 1240.0033111 389340.23236 7523598.4859 -1175.923949 1228.9239493 37.502360000 97.985900000 115.62954423 7.4858666551 2.4162580115 118.06154850
 1250.0032776 389341.39168 7523597.8038 -1185.832993 1238.8329927 38.661680000 97.303799999 120.29904953 7.9914068332 2.4192214085 122.73105380
 1253.0032935 389341.74333 7523597.5721 -1188.803290 1241.8032897 39.013330000 97.072100000 121.58275893 8.1526962472 2.4187067799 124.01476320
 1260.0032999 389342.57086 7523596.9830 -1195.729163 1248.7291635 39.840860000 96.483000001 124.38569247 8.5447754321 2.4214670452 126.81769674
 1270.0032696 389343.76996 7523596.0234 -1205.610436 1258.6104357 41.039960000 95.523400001 127.97139067 9.1372397664 2.4266475929 130.40339494
 1280.0032586 389344.98871 7523594.9250 -1215.474846 1268.4748464 42.258710000 94.425000000 131.11198838 9.7601864551 2.4252377676 133.54399265
 1283.0032757 389345.35813 7523594.5685 -1218.430588 1271.4305878 42.628130000 94.068499999 131.97694330 9.9519306048 2.4224716049 134.40894757
 1290.0033031 389346.22680 7523593.6883 -1225.320456 1278.3204557 43.496800000 93.188300000 133.87225160 10.406393614 2.4192907107 136.30425587
 1300.0033089 389347.48366 7523592.3138 -1235.145395 1288.1453950 44.753660000 91.813799998 136.30869681 11.071989956 2.4166518855 138.74070108
 1310.0033316 389348.75902 7523590.8018 -1244.947732 1297.9477318 46.029020000 90.301800000 138.46495878 11.754320171 2.4139313497 140.89696305
 1313.0033516 389349.14521 7523590.3215 -1247.883732 1300.8837324 46.415210000 89.821500001 139.06560171 11.962424491 2.4195002821 141.49760598
 1320.0034120 389350.05270 7523589.1526 -1254.725507 1307.7255073 47.322700000 88.652600000 140.39108410 12.453435199 2.4228956588 142.82308837
 1330.0034533 389351.36453 7523587.3664 -1264.476762 1317.4767615 48.634530000 86.866400001 142.10930591 13.163927128 2.4182603243 144.54131018
 1340.0034912 389352.69427 7523585.4436 -1274.199552 1327.1995520 49.964270000 84.943599997 143.65601877 13.885785550 2.4220627800 146.08802304
 1343.0035425 389353.09665 7523584.8401 -1277.110552 1330.1105522 50.366650000 84.340100000 144.08919302 14.103949712 2.4200591062 146.52119729
 1350.0036193 389354.04167 7523583.3844 -1283.891956 1336.8919564 51.311670000 82.884400000 145.04923664 14.615750321 2.4190809078 147.48124091
 1360.0037075 389355.40655 7523581.1892 -1293.552009 1346.5520091 52.676550000 80.689200000 146.31264982 15.354192181 2.4222733817 148.74465409
 1370.0037949 389356.78863 7523578.8585 -1303.177796 1356.1777956 54.058630000 78.358500002 147.46311044 16.099107171 2.4225233811 149.89511471
 1373.0038530 389357.20656 7523578.1329 -1306.058566 1359.0585658 54.476560000 77.632900002 147.78831930 16.323530469 2.4208746395 150.22032357
 1380.0039680 389358.18757 7523576.3927 -1312.767436 1365.7674357 55.457570000 75.892700001 148.51426747 16.847968588 2.4166065130 150.94627174
 1390.0041219 389359.60290 7523573.7926 -1322.319138 1375.3191377 56.872900000 73.292599998 149.47793795 17.600071192 2.4131344480 151.90994223
 1400.0042623 389361.03431 7523571.0590 -1331.831053 1384.8310533 58.304310000 70.558999998 150.36543420 18.356584712 2.4136483871 152.79743847
 1403.0043399 389361.46682 7523570.2129 -1334.676587 1387.6765872 58.736820000 69.712900000 150.61813879 18.584615160 2.4167011084 153.05014306
 1410.0044935 389362.48154 7523568.1921 -1341.301261 1394.3012609 59.751540000 67.692100001 151.18443224 19.118539499 2.4188139288 153.61643652
 1420.0046970 389363.94446 7523565.1923 -1350.727796 1403.7277958 61.214460000 64.692300002 151.94256469 19.884646624 2.4203947165 154.37456896
 1430.0049143 389365.42280 7523562.0602 -1360.108777 1413.1087766 62.692800000 61.560199999 152.64551046 20.653224985 2.4186123510 155.07751473
 1433.0049957 389365.86927 7523561.0949 -1362.913912 1415.9139116 63.139270000 60.594900001 152.84698527 20.884380691 2.4193732030 155.27898954
 1440.0051905 389366.91626 7523558.7965 -1369.442365 1422.4423650 64.186260000 58.296500000 153.30113046 21.424556212 2.4191657124 155.73313473
 1450.0054600 389368.42453 7523555.4019 -1378.726776 1431.7267763 65.694530000 54.901900000 153.91202109 22.197248848 2.4159220057 156.34402536
 1460.0057427 389369.94728 7523551.8772 -1387.960194 1440.9601937 67.217280000 51.377200000 154.48392630 22.972181000 2.4162777251 156.91593057
 1463.0058559 389370.40689 7523550.7945 -1390.719996 1443.7199955 67.676890000 50.294500001 154.64837354 23.205374241 2.4193679882 157.08037781
 1470.0061199 389371.48429 7523548.2229 -1397.140734 1450.1407343 68.754290000 47.722900001 155.02034040 23.750303189 2.4201226568 157.45234467
 1480.0064697 389373.03523 7523544.4397 -1406.266555 1459.2665553 70.305230000 43.939700001 155.52491677 24.529402565 2.4177874134 157.95692104
 1490.0067982 389374.59976 7523540.5285 -1415.335869 1468.3358687 71.869760000 40.028499998 156.00130772 25.310943157 2.4206224074 158.43331199
 1493.0069453 389375.07172 7523539.3302 -1418.045367 1471.0453673 72.341720000 38.830199999 156.13896897 25.546136032 2.4249496287 158.57097324
 1500.0072632 389376.17761 7523536.4896 -1424.346780 1477.3467797 73.447610000 35.989600001 156.45093064 26.095574964 2.4255582299 158.88293491
 1510.0076655 389377.76848 7523532.3238 -1433.297385 1486.2973848 75.038480000 31.823800000 156.87697906 26.881882898 2.4267203643 159.30898334
 1520.0081036 389379.37203 7523528.0318 -1442.185895 1495.1858951 76.642030000 27.531799999 157.28135527 27.669868777 2.4283317586 159.71335954
 1523.0082725 389379.85551 7523526.7197 -1444.840076 1497.8400758 77.125510000 26.219699998 157.39807242 27.905993913 2.4229992689 159.83007669
 1530.0086385 389380.98793 7523523.6146 -1451.010621 1504.0106214 78.257930000 23.114600000 157.66223578 28.456004133 2.4169300874 160.09424005
 1540.0091578 389382.61590 7523519.0735 -1459.770008 1512.7700083 79.885900000 18.573500000 158.02374176 29.242312305 2.4161330569 160.45574603
 1550.0096540 389384.25563 7523514.4095 -1468.462308 1521.4623080 81.525630000 13.909500000 158.36816002 30.030242874 2.4182523122 160.80016429
 1553.0098542 389384.74980 7523512.9864 -1471.056657 1524.0566571 82.019800000 12.486400000 158.46826294 30.266749343 2.4177498936 160.90026721
 1560.0102908 389385.90682 7523509.6233 -1477.085806 1530.0858064 83.176820000 9.1233000001 158.69614472 30.818458179 2.4158382767 161.12814899
 1570.0108520 389387.56913 7523504.7160 -1485.638754 1538.6387541 84.839130000 4.2159999982 159.00984551 31.608364857 2.4192430917 161.44184978
 1580.0114796 389389.24224 7523499.6883 -1494.119404 1547.1194044 86.512240000 -0.811699999 159.31007417 32.399121755 2.4196602417 161.74207844
 1583.0116851 389389.74622 7523498.1567 -1496.649253 1549.6492535 87.016220000 -2.343300001 159.39797872 32.636419161 2.4193999495 161.82998299
 1590.0122102 389390.92571 7523494.5413 -1502.526140 1555.5261401 88.195710000 -5.958700002 159.59888551 33.189405871 2.4154970461 162.03088978
 1600.0128611 389392.61910 7523489.2764 -1510.857464 1563.8574641 89.889100000 -11.22360000 159.87491915 33.978826878 2.4119943806 162.30692343
 1610.0135700 389394.32212 7523483.8945 -1519.111742 1572.1117416 91.592120001 -16.60550000 160.14069593 34.770309992 2.4165706029 162.57270020
 1613.0138498 389394.83485 7523482.2572 -1521.572750 1574.5727497 92.104850000 -18.24280000 160.21827676 35.007863537 2.4164013815 162.65028103
 1620.0143645 389396.03442 7523478.3965 -1527.287209 1580.2872093 93.304420000 -22.10350000 160.39589972 35.563826279 2.4227547619 162.82790399
 1630.0151907 389397.75577 7523472.7829 -1535.381881 1588.3818810 95.025770000 -27.71710000 160.64206364 36.360767493 2.4296339482 163.07406791
 1640.0159669 389399.48584 7523467.0550 -1543.394098 1596.3940975 96.755840000 -33.44500000 160.87940338 37.158602563 2.4309473399 163.31140765
 1643.0162836 389400.00651 7523465.3144 -1545.781452 1598.7814520 97.276510000 -35.18560000 160.94847257 37.397233557 2.4224455579 163.38047684
 1650.0169010 389401.22430 7523461.2139 -1551.322424 1604.3224237 98.494300000 -39.28610000 161.10592514 37.951847345 2.4122159571 163.53792941
 1660.0177800 389402.97074 7523455.2614 -1559.165637 1612.1656373 100.24074000 -45.23860000 161.32490543 38.745187274 2.4144537932 163.75690970
 1670.0187078 389404.72487 7523449.1986 -1566.922189 1619.9221887 101.99487000 -51.30140000 161.53564723 39.538297428 2.4123410910 163.96765150
 1673.0189741 389405.25256 7523447.3585 -1569.232024 1622.2320238 102.52256000 -53.14150000 161.59778987 39.776766995 2.4172340258 164.02979414
 1680.0197011 389406.48634 7523443.0267 -1574.590504 1627.5905043 103.75634000 -57.47330000 161.74087476 40.334366633 2.4218241106 164.17287904
 1690.0206536 389408.25480 7523436.7467 -1582.168887 1635.1688868 105.52480000 -63.75330000 161.93901360 41.130949065 2.4207871160 164.37101787
 1700.0216801 389410.02994 7523430.3597 -1589.655784 1642.6557840 107.29994000 -70.14030000 162.13166014 41.928520283 2.4229502482 164.56366441
 1703.0220419 389410.56371 7523428.4229 -1591.883797 1644.8837975 107.83371000 -72.07710000 162.18820718 42.167363810 2.4179836207 164.62021145
 1710.0227901 389411.81130 7523423.8671 -1597.049793 1650.0497927 109.08130000 -76.63290000 162.31805946 42.724162297 2.4153963274 164.75006373
 1720.0238433 389413.59848 7523417.2703 -1604.349511 1657.3495108 110.86848000 -83.22970000 162.49980394 43.521079409 2.4193707741 164.93180821
 1730.0249966 389415.39111 7523410.5704 -1611.553454 1664.5534536 112.66111000 -89.92960000 162.67583092 44.317812121 2.4178225955 165.10783519
 1733.0253396 389415.92992 7523408.5406 -1613.695753 1666.6957525 113.19992000 -91.95940000 162.72751920 44.556762290 2.4164731435 165.15952347
 1740.0261898 389417.18891 7523403.7690 -1618.660275 1671.6602749 114.45891000 -96.73100000 162.84613580 45.114496797 2.4167206779 165.27814007
 1750.0274113 389418.99164 7523396.8674 -1625.668629 1678.6686288 116.26164000 -103.6326000 163.01083736 45.911074265 2.4152934779 165.44284163
 1760.0285938 389420.79899 7523389.8671 -1632.577084 1685.5770841 118.06899000 -110.6329000 163.17114073 46.708414077 2.4168761312 165.60314500
 1763.0290177 389421.34205 7523387.7479 -1634.629941 1687.6299414 118.61205000 -112.7521000 163.21851283 46.947870267 2.4190150317 165.65051710
 1770.0299518 389422.61061 7523382.7692 -1639.384219 1692.3842192 119.88061000 -117.7308000 163.32832020 47.507202123 2.4215759394 165.76032447
 1780.0312535 389424.42595 7523375.5750 -1646.088433 1699.0884332 121.69595000 -124.9250000 163.48295118 48.307024650 2.4237175843 165.91495545
 1790.0325584 389426.24455 7523368.2859 -1652.688398 1705.6883984 123.51455000 -132.2141000 163.63361288 49.106769215 2.4228309052 166.06561715
 1793.0329643 389426.79073 7523366.0809 -1654.647866 1707.6478660 124.06073000 -134.4191000 163.67810982 49.346551199 2.4210545299 166.11011409
 1800.0339685 389428.06611 7523360.9034 -1659.182920 1712.1829201 125.33611000 -139.5966000 163.78105332 49.904958620 2.4163145389 166.21305759
 1810.0354182 389429.89012 7523353.4292 -1665.571086 1718.5710860 127.16012000 -147.0708000 163.92509366 50.701276821 2.4116303736 166.35709793
 1820.0368184 389431.71621 7523345.8650 -1671.851687 1724.8516866 128.98621000 -154.6350000 164.06594437 51.497619926 2.4112169510 166.49794864
 1823.0372534 389432.26438 7523343.5784 -1673.714698 1726.7146977 129.53438000 -156.9216000 164.10727698 51.737033843 2.4156126804 166.53928125
 1830.0383002 389433.54413 7523338.2121 -1678.023349 1731.0233487 130.81413000 -162.2879000 164.20115573 52.296938612 2.4200933580 166.63316001
 1840.0398441 389435.37402 7523330.4718 -1684.084573 1737.0845734 132.64402000 -170.0282000 164.33196251 53.096928725 2.4198101153 166.76396678
 1850.0413714 389437.20551 7523322.6458 -1690.034157 1743.0341574 134.47551000 -177.8542000 164.46006685 53.896873619 2.4192656402 166.89207112
 1853.0418668 389437.75522 7523320.2815 -1691.797088 1744.7970883 135.02522000 -180.2185000 164.49856180 54.136924691 2.4202369920 166.93056607
 1860.0430345 389439.03808 7523314.7355 -1695.870940 1748.8709400 136.30808000 -185.7645000 164.58888770 54.696745322 2.4193948456 167.02089197
 1870.0445600 389440.87095 7523306.7426 -1701.593785 1754.5937852 138.14095000 -193.7574000 164.71610434 55.496591269 2.4194957303 167.14810861
 1880.0462363 389442.70375 7523298.6684 -1707.201576 1760.2015762 139.97375000 -201.8316000 164.84087284 56.296420773 2.4190161127 167.27287711
 1883.0467318 389443.25352 7523296.2306 -1708.861314 1761.8613136 140.52352000 -204.2694000 164.87753528 56.536468387 2.4194291791 167.30953955
 1890.0479853 389444.53623 7523290.5147 -1712.693219 1765.6932190 141.80623000 -209.9853000 164.96130874 57.096586383 2.4188051171 167.39331301
 1900.0496107 389446.36830 7523282.2833 -1718.067645 1771.0676447 143.63830000 -218.2167000 165.07876137 57.896335924 2.4171879721 167.51076564
 1910.0513634 389448.19961 7523273.9756 -1723.323805 1776.3238046 145.46961000 -226.5244000 165.19390735 58.696329347 2.4174832662 167.62591162
 1913.0519053 389448.74882 7523271.4687 -1724.877437 1777.8774367 146.01882000 -229.0313000 165.22829090 58.936289072 2.4171228505 167.66029518
 1920.0531704 389450.02978 7523265.5934 -1728.460673 1781.4606734 147.29978000 -234.9066000 165.30902055 59.496319858 2.4180297943 167.74102482
 1930.0550095 389451.85812 7523257.1382 -1733.477251 1786.4772512 149.12812000 -243.3618000 165.42304082 60.296231626 2.4174671504 167.85504509
 1940.0568324 389453.68427 7523248.6118 -1738.372559 1791.3725591 150.95427000 -251.8882000 165.53465234 61.095665923 2.4155709815 167.96665661
 1943.0573576 389454.23165 7523246.0403 -1739.817360 1792.8173602 151.50165000 -254.4597000 165.56773443 61.335694153 2.4173077162 167.99973870
 1950.0587058 389455.50798 7523240.0159 -1743.145642 1796.1456421 152.77798000 -260.4841000 165.64401273 61.895962832 2.4178486997 168.07601700
 1960.0605575 389457.32903 7523231.3522 -1747.795571 1800.7955711 154.59903000 -269.1478000 165.75119055 62.695884940 2.4161441689 168.18319482
 1970.0625375 389459.14703 7523222.6223 -1752.321439 1805.3214388 156.41703000 -277.8777000 165.85656432 63.495313576 2.4143187507 168.28856859
 1973.0630750 389459.69179 7523219.9908 -1753.654874 1806.6548744 156.96179000 -280.5092000 165.88798605 63.735624025 2.4191006870 168.31999032
 1980.0645099 389460.96166 7523213.8281 -1756.722252 1809.7222525 158.23166000 -286.6719000 165.96133276 64.297953261 2.4259940193 168.39333703
 1990.0664859 389462.77248 7523204.9710 -1760.996744 1813.9967438 160.04248000 -295.5290000 166.06511870 65.101205532 2.4256624038 168.49712297
 2000.0684595 389464.57903 7523196.0528 -1765.144040 1818.1440402 161.84903000 -304.4472000 166.16780790 65.904286566 2.4250189326 168.59981217
 2003.0690718 389465.12011 7523193.3657 -1766.363317 1819.3633165 162.39011000 -307.1343000 166.19830021 66.144907897 2.4217956041 168.63030448
 2010.0705455 389466.38098 7523187.0753 -1769.163510 1822.1635096 163.65098000 -313.4247000 166.26898407 66.705253267 2.4169679605 168.70098834
 2020.0725790 389468.17793 7523178.0405 -1773.054718 1826.0547183 165.44793000 -322.4595000 166.36903879 67.505002125 2.4146371460 168.80104306
 2030.0746098 389469.96952 7523168.9502 -1776.816931 1829.8169312 167.23952000 -331.5498000 166.46839454 68.305085576 2.4155959700 168.90039881
 2033.0752886 389470.50588 7523166.2125 -1777.920330 1830.9203303 167.77588000 -334.2875000 166.49792176 68.545034161 2.4145993479 168.92992603
 2040.0767692 389471.75534 7523159.8061 -1780.449414 1833.4494143 169.02534000 -340.6939000 166.56615624 69.104737836 2.4136692714 168.99816051
 2050.0788802 389473.53509 7523150.6101 -1783.951460 1836.9514604 170.80509000 -349.8899000 166.66304329 69.904601799 2.4144781506 169.09504756
 2060.0810081 389475.30840 7523141.3640 -1787.322386 1840.3223863 172.57840000 -359.1360000 166.75941119 70.704779317 2.4154004917 169.19141546
 2063.0817376 389475.83907 7523138.5806 -1788.307996 1841.3079965 173.10907000 -361.9194000 166.78805489 70.945011917 2.4169243333 169.22005916
 2070.0832786 389477.07488 7523132.0695 -1790.561419 1843.5614186 174.34488000 -368.4305000 166.85413130 71.506510799 2.4207811301 169.28613557
 2080.0854201 389478.83430 7523122.7285 -1793.667494 1846.6674945 176.10430000 -377.7715000 166.94773371 72.309869392 2.4242926350 169.37973798
 2090.0876363 389480.58638 7523113.3427 -1796.639970 1849.6399697 177.85638000 -387.1573000 167.04038805 73.113130239 2.4238163609 169.47239232
 2093.0883454 389481.11052 7523110.5185 -1797.505586 1850.5055856 178.38052000 -389.9815000 167.06798669 73.353662759 2.4192255191 169.49999096
 2100.0899093 389482.33076 7523103.9141 -1799.478452 1852.4784518 179.60076000 -396.5859000 167.13184878 73.913768077 2.4142333445 169.56385305
 2110.0921275 389484.06717 7523094.4447 -1802.182755 1855.1827546 181.33717000 -406.0553000 167.22200760 74.713658418 2.4132230374 169.65401187
 2120.0944329 389485.79537 7523084.9363 -1804.752375 1857.7523754 183.06537000 -415.5637000 167.31110160 75.513437575 2.4126457280 169.74310587
 2123.0951218 389486.31218 7523082.0765 -1805.496923 1858.4969230 183.58218000 -418.4235000 167.33795238 75.753654606 2.4156572479 169.76995665
 2130.0967155 389487.51493 7523075.3909 -1807.186695 1860.1866946 184.78493000 -425.1091000 167.40133832 76.315486885 2.4216896335 169.83334259
 2140.0989954 389489.22523 7523065.8101 -1809.484796 1862.4847956 186.49523000 -434.6899000 167.49172487 77.118867120 2.4239932837 169.92372914
 2150.1013219 389490.92592 7523056.1958 -1811.646192 1864.6461924 188.19592000 -444.3042000 167.58115139 77.921928697 2.4228188538 170.01315566
 2153.1020222 389491.43422 7523053.3053 -1812.267904 1865.2679038 188.70422000 -447.1947000 167.60774048 78.162505596 2.4192260513 170.03974475
 2160.1037233 389492.61678 7523046.5500 -1813.670656 1866.6706564 189.88678000 -453.9500000 167.66914289 78.722774984 2.4143692297 170.10114716
 2170.1060129 389494.29763 7523036.8748 -1815.558168 1868.5581680 191.56763000 -463.6252000 167.75589965 79.522534948 2.4123030807 170.18790392
 2180.1083587 389495.96818 7523027.1720 -1817.308385 1870.3083847 193.23818000 -473.3280000 167.84209786 80.322312587 2.4122377062 170.27410213
 2183.1090611 389496.46729 7523024.2561 -1817.806625 1870.8066254 193.73729000 -476.2439000 167.86810297 80.562581363 2.4157684965 170.30010724
 2190.1107956 389497.62804 7523017.4435 -1818.920844 1871.9208444 194.89804000 -483.0565000 167.92915637 81.124457784 2.4212579199 170.36116064
 2200.1131491 389499.27673 7523007.6912 -1820.394784 1873.3947838 196.54673000 -492.8088000 168.01589009 81.927726780 2.4229402266 170.44789436
 2210.1155069 389500.91394 7522997.9170 -1821.729879 1874.7298785 198.18394000 -502.5830000 168.10235343 82.730933361 2.4227221082 170.53435770
 2213.1162989 389501.40282 7522994.9807 -1822.103306 1875.1033064 198.67282000 -505.5193000 168.12799393 82.971485226 2.4182963549 170.55999820
 2220.1180011 389502.53943 7522988.1228 -1822.926065 1875.9260650 199.80943000 -512.3772000 168.18681412 83.531596318 2.4129076214 170.61881839
 2230.1203605 389504.15316 7522978.3108 -1823.983491 1876.9834908 201.42316000 -522.1892000 168.27013160 84.331400800 2.4116834275 170.70213587
 2240.1227812 389505.75488 7522968.4828 -1824.901976 1877.9019756 203.02488000 -532.0172000 168.35303246 85.131198913 2.4115571023 170.78503673
 2243.1235121 389506.23301 7522965.5316 -1825.150400 1878.1504001 203.50301000 -534.9684000 168.37837638 85.371435448 2.4150172054 170.81038065
 2250.1252116 389507.34408 7522958.6408 -1825.681219 1878.6812185 204.61408000 -541.8592000 168.43888171 85.933251601 2.4210388027 170.87088598
 2260.1276871 389508.92000 7522948.7865 -1826.320615 1879.3206146 206.19000000 -551.7135000 168.52540160 86.736577810 2.4232590030 170.95740587
 2270.1301125 389510.48229 7522938.9220 -1826.820003 1879.8200033 207.75229000 -561.5780000 168.61186925 87.539623810 2.4224409181 171.04387352
 2273.1308064 389510.94826 7522935.9610 -1826.942517 1879.9425174 208.21826000 -564.5390000 168.63786233 87.780928535 2.4264221593 171.06986660
 2280.1325912 389512.03060 7522929.0492 -1827.179182 1880.1791817 209.30060000 -571.4508000 168.69785623 88.345157776 2.4311208541 171.12986050
 2283.6733911 389512.57534 7522925.5527 -1827.272620 1880.2726200 209.84534000 -574.9473000 168.71826466 88.538292122 1.6454657962 171.15026893
 2290.1350695 389513.56780 7522919.1712 -1827.427070 1880.4270704 210.83780000 -581.3288000 168.72814244 88.630351666 0.4298618615 171.16014671
 2300.1375864 389515.10412 7522909.2928 -1827.666158 1880.6661577 212.37412000 -591.2072000 168.72798184 88.630338055 0.0004832830 171.15998611
 2303.1383223 389515.56502 7522906.3293 -1827.737884 1880.7378839 212.83502000 -594.1707000 168.72800885 88.630339578 0.0002703757 171.16001312
 2310.1401033 389516.64044 7522899.4144 -1827.905245 1880.9052451 213.91044000 -601.0856000 168.72808419 88.630341130 0.0003228005 171.16008846
 2320.1425214 389518.17676 7522889.5361 -1828.144332 1881.1443324 215.44676000 -610.9639000 168.72807243 88.630338066 0.0000364498 171.16007670
 2330.1450369 389519.71307 7522879.6577 -1828.383420 1881.3834197 216.98307000 -620.8423000 168.72799952 88.630338025 0.0002186190 171.16000379
 2333.1457728 389520.17397 7522876.6942 -1828.455146 1881.4551459 217.44397000 -623.8058000 168.72801346 88.630339842 0.0001404927 171.16001773
 2340.1475539 389521.24939 7522869.7793 -1828.622507 1881.6225070 218.51939000 -630.7207000 168.72812505 88.630347201 0.0004790520 171.16012932
 2350.1500710 389522.78571 7522859.9009 -1828.861594 1881.8615943 220.05571000 -640.5991000 168.72809275 88.630344668 0.0000971561 171.16009702
 2360.1525881 389524.32203 7522850.0225 -1829.100682 1882.1006817 221.59203000 -650.4775000 168.72813624 88.630337418 0.0001322089 171.16014051
 2363.1533225 389524.78292 7522847.0590 -1829.172408 1882.1724079 222.05292000 -653.4410000 168.72812591 88.630339457 0.0001052445 171.16013018
 2370.1551052 389525.85835 7522840.1441 -1829.339769 1882.3397690 223.12835000 -660.3559000 168.72810538 88.630347308 0.0000941630 171.16010965
 2380.1576209 389527.39466 7522830.2657 -1829.578856 1882.5788563 224.66466000 -670.2343000 168.72812566 88.630344867 0.0000612541 171.16012993
 2390.1601381 389528.93098 7522820.3873 -1829.817944 1882.8179436 226.20098000 -680.1127000 168.72799562 88.630338106 0.0003904326 171.15999989
 2393.1608741 389529.39188 7522817.4238 -1829.889670 1882.8896698 226.66188000 -683.0762000 168.72802263 88.630339630 0.0002703839 171.16002690
 2400.1626554 389530.46730 7522810.5089 -1830.057031 1883.0570310 227.73730000 -689.9911000 168.72809798 88.630341182 0.0003228078 171.16010225
 2410.1650739 389532.00362 7522800.6306 -1830.296118 1883.2961183 229.27362000 -699.8694000 168.72808622 88.630338117 0.0000364475 171.16009049
 2420.1675897 389533.53993 7522790.7522 -1830.535206 1883.5352056 230.80993000 -709.7478000 168.72801329 88.630338075 0.0002186691 171.16001756
 2423.1683258 389534.00083 7522787.7887 -1830.606932 1883.6069318 231.27083000 -712.7113000 168.72802723 88.630339892 0.0001405055 171.16003150
 2430.1701071 389535.07625 7522780.8738 -1830.774293 1883.7742929 232.34625000 -719.6262000 168.72813884 88.630347016 0.0004790618 171.16014311
 2440.1726246 389536.61257 7522770.9954 -1831.013380 1884.0133803 233.88257000 -729.5046000 168.72810653 88.630344719 0.0000971128 171.16011081
 2450.1751420 389538.14889 7522761.1170 -1831.252468 1884.2524676 235.41889000 -739.3830000 168.72815003 88.630337601 0.0001321388 171.16015430
 2453.1758766 389538.60978 7522758.1535 -1831.324194 1884.3241938 235.87978000 -742.3465000 168.72813970 88.630339509 0.0001049822 171.16014397
 2460.1776596 389539.68521 7522751.2386 -1831.491555 1884.4915549 236.95521000 -749.2614000 168.72811917 88.630347359 0.0000941527 171.16012344
 2470.1801756 389541.22152 7522741.3602 -1831.730642 1884.7306422 238.49152000 -759.1398000 168.72813945 88.630344631 0.0000613527 171.16014372
 2480.1826932 389542.75784 7522731.4818 -1831.969730 1884.9697296 240.02784000 -769.0182000 168.72800940 88.630338025 0.0003904185 171.16001367
 2483.1834293 389543.21874 7522728.5183 -1832.041456 1885.0414558 240.48874000 -771.9817000 168.72804525 88.630340135 0.0003589252 171.16004952
 2488.7448380 389544.07293 7522723.0259 -1832.174388 1885.1743883 241.34293000 -777.4741000 168.70315271 88.631085508 0.1343001474 171.13515698
 2490.1851312 389544.29493 7522721.6036 -1832.208792 1885.2087918 241.56493000 -778.8964000 168.66551668 88.632477714 0.7842371838 171.09752095
 2500.1876028 389545.87933 7522711.7328 -1832.446048 1885.4460481 243.14933000 -788.7672000 168.23212763 88.649069200 1.3004325604 170.66413190
 2510.1900927 389547.53847 7522701.8742 -1832.680425 1885.6804255 244.80847000 -798.6258000 167.79810397 88.665402083 1.3023110240 170.23010824
 2513.1908337 389548.05077 7522698.9191 -1832.750189 1885.7501888 245.32077000 -801.5809000 167.66840399 88.670979236 1.2975278368 170.10040826
 2520.1926422 389549.27206 7522692.0283 -1832.911688 1885.9116876 246.54206000 -808.4717000 167.36714948 88.686556003 1.2921388199 169.79915376
 2530.1950770 389551.07952 7522682.1957 -1833.138911 1886.1389110 248.34952000 -818.3043000 166.93710758 88.710052447 1.2914030830 169.36911185
 2540.1975640 389552.96075 7522672.3768 -1833.362034 1886.3620338 250.23075000 -828.1232000 166.50718168 88.733348754 1.2910282376 168.93918595
 2543.1983101 389553.53948 7522669.4339 -1833.428185 1886.4281852 250.80948000 -831.0661000 166.37846438 88.739959952 1.2882368657 168.81046865
 2550.2000517 389554.91551 7522662.5722 -1833.581256 1886.5812562 252.18551000 -837.9278000 166.07934452 88.754301900 1.2827896683 168.51134879
 2560.2025786 389556.94325 7522652.7823 -1833.796963 1886.7969631 254.21325000 -847.7177000 165.65292107 88.774295254 1.2800550576 168.08492534
 2570.2050973 389559.04382 7522643.0077 -1834.009180 1887.0091802 256.31382000 -857.4923000 165.22617756 88.794296300 1.2810253673 167.65818183
 2573.2058458 389559.68819 7522640.0784 -1834.072165 1887.0721646 256.95819000 -860.4216000 165.09774258 88.800291531 1.2851450755 167.52974685
 2580.2075119 389561.21730 7522633.2491 -1834.217907 1887.2179068 258.48730000 -867.2509000 164.79707709 88.814278847 1.2893742339 167.22908136
 2590.2100199 389563.46395 7522623.5069 -1834.423144 1887.4231441 260.73395000 -876.9931000 164.36713791 88.834276862 1.2906171077 166.79914218
 2600.2124958 389565.78367 7522613.7818 -1834.624891 1887.6248914 263.05367000 -886.7182000 163.93710627 88.854275502 1.2909074165 166.36911054
 2603.2132244 389566.49381 7522610.8677 -1834.684735 1887.6847348 263.76381000 -889.6323000 163.80810982 88.860277636 1.2907903784 166.24011409
 2610.2150021 389568.17633 7522604.0743 -1834.823148 1887.8231482 265.44633000 -896.4257000 163.50712263 88.874272650 1.2907591512 165.93912690
 2620.2174551 389570.64178 7522594.3850 -1835.017916 1888.0179155 267.91178000 -906.1150000 163.07719992 88.894264363 1.2906009700 165.50920419
 2630.2200166 389573.17990 7522584.7143 -1835.209193 1888.2091928 270.44990000 -915.7857000 162.64688400 88.914255083 1.2917733358 165.07888827
 2633.2207158 389573.95549 7522581.8169 -1835.265895 1888.2658952 271.22549000 -918.6831000 162.51787595 88.920253997 1.2909434852 164.94988022
 2640.2224564 389575.79055 7522575.0630 -1835.396980 1888.3969795 273.06055000 -925.4370000 162.21715166 88.934257896 1.2896687030 164.64915593
 2650.2249781 389578.47357 7522565.4314 -1835.581277 1888.5812767 275.74357000 -935.0686000 161.78714537 88.954248867 1.2908679107 164.21914964
 2660.2274489 389581.22882 7522555.8202 -1835.762084 1888.7620838 278.49882000 -944.6798000 161.35712944 88.974247231 1.2909125984 163.78913371
 2663.2281839 389582.06945 7522552.9409 -1835.815645 1888.8156452 279.33945000 -947.5591000 161.22813809 88.980547409 1.2909295922 163.66014236
 2670.2299183 389584.05613 7522546.2299 -1835.939278 1888.9392781 281.32613000 -954.2701000 160.92713452 88.996475860 1.2912995760 163.35913879
 2680.2323941 389586.95536 7522536.6610 -1836.112407 1889.1124070 284.22536000 -963.8390000 160.49717178 89.019984064 1.2913020946 162.92917605
 2690.2349303 389589.92635 7522527.1140 -1836.281435 1889.2814348 287.19635000 -973.3860000 160.06709503 89.043270029 1.2916084447 162.49909930
 2693.2356614 389590.83161 7522524.2543 -1836.331358 1889.3313577 288.10161000 -976.2457000 159.93806376 89.049879405 1.2915111836 162.37006803
 2700.2373881 389592.96892 7522517.5896 -1836.446562 1889.4465620 290.23892000 -982.9104000 159.63710235 89.064223747 1.2908059209 162.06910662
 2710.2398760 389596.08290 7522508.0882 -1836.608173 1889.6081732 293.35290000 -992.4118000 159.20716136 89.084216642 1.2907274575 161.63916563
 2720.2423474 389599.26811 7522498.6104 -1836.766294 1889.7662941 296.53811000 -1001.889600 158.77731823 89.104228395 1.2904462387 161.20932250
 2723.2431330 389600.23754 7522495.7717 -1836.813050 1889.8130496 297.50754000 -1004.728300 158.64826536 89.110526350 1.2915699141 161.08026963
 2730.2448547 389602.52439 7522489.1567 -1836.920802 1889.9208023 299.79439000 -1011.343300 158.34713356 89.126445221 1.2918965840 160.77913783
 2740.2473878 389605.85154 7522479.7276 -1837.071245 1890.0712447 303.12154000 -1020.772400 157.91722049 89.149954734 1.2911934176 160.34922476
 2750.2499034 389609.24939 7522470.3237 -1837.217586 1890.2175860 306.51939000 -1030.176300 157.48678395 89.173228822 1.2927326823 159.91878822
 2753.2505885 389610.28250 7522467.5076 -1837.260703 1890.2607029 307.55250000 -1032.992400 157.35783327 89.179840737 1.2907729895 159.78983754
 2760.2523487 389612.71773 7522460.9456 -1837.360027 1890.3600265 309.98773000 -1039.554400 157.05718891 89.194194624 1.2894897097 159.48919318
 2770.2548231 389616.25637 7522451.5937 -1837.498951 1890.4989509 313.52637000 -1048.906300 156.62721098 89.214188154 1.2908838238 159.05921526
 2780.2573710 389619.86512 7522442.2685 -1837.634385 1890.6343849 317.13512000 -1058.231500 156.19701202 89.234182855 1.2915428382 158.62901629
 2783.2580842 389620.96138 7522439.4763 -1837.674334 1890.6743343 318.23138000 -1061.023700 156.11318586 89.203744620 0.8915282052 158.54519013
 2790.2598739 389623.52659 7522432.9641 -1837.781170 1890.7811704 320.79659000 -1067.535900 156.06816603 89.011481318 0.8460518789 158.50017030
 2800.2622901 389627.19085 7522423.6619 -1837.982219 1890.9822186 324.46085000 -1076.838100 156.06812200 88.685078585 0.9789716709 158.50012627
 2810.2648179 389630.85464 7522414.3608 -1838.240237 1891.2402365 328.12464000 -1086.139200 156.06824565 88.358668976 0.9789814241 158.50024992
 2820.2673622 389634.51783 7522405.0612 -1838.555216 1891.5552159 331.78783000 -1095.438800 156.06819564 88.032244921 0.9790230876 158.50019991
 2830.2698311 389638.18030 7522395.7635 -1838.927146 1891.9271465 335.45030000 -1104.736500 156.06812869 87.705573275 0.9797730628 158.50013296
 2840.2723263 389641.84194 7522386.4679 -1839.356104 1892.3561035 339.11194000 -1114.032100 156.06820324 87.378910548 0.9797437422 158.50020751
 2850.2748383 389645.50261 7522377.1747 -1839.841986 1892.8419856 342.77261000 -1123.325300 156.06815574 87.052484692 0.9790316408 158.50016001
 2860.2772864 389649.16222 7522367.8843 -1840.384777 1893.3847772 346.43222000 -1132.615700 156.06809129 86.726060717 0.9790322695 158.50009556
 2870.2797571 389652.82063 7522358.5969 -1840.984461 1893.9844606 350.09063000 -1141.903100 156.06816845 86.399650805 0.9789878880 158.50017272
 2880.2822548 389656.47773 7522349.3128 -1841.641016 1894.6410163 353.74773000 -1151.187200 156.06822871 86.072995082 0.9797224736 158.50023298
 2890.2847866 389660.13340 7522340.0323 -1842.354510 1895.3545100 357.40340000 -1160.467700 156.06822023 85.746319434 0.9797788835 158.50022450
 2900.2872510 389663.78751 7522330.7558 -1843.124832 1896.1248315 361.05751000 -1169.744200 156.06819476 85.419895323 0.9790310719 158.50019903
 2910.2897484 389667.43996 7522321.4835 -1843.951956 1896.9519559 364.70996000 -1179.016500 156.06815229 85.093468420 0.9790362079 158.50015657
 2920.2921829 389671.09062 7522312.2158 -1844.835856 1897.8358561 368.36062000 -1188.284200 156.06805961 84.767121685 0.9788019553 158.50006388
 2925.5534813 389673.01012 7522307.3429 -1845.323553 1898.3235534 370.28012000 -1193.157100 156.06811655 84.676580154 0.5162692291 158.50012082
 2930.2946423 389674.73982 7522302.9518 -1845.763779 1898.7637787 372.00982000 -1197.548200 156.06817550 84.749637052 0.4622723504 158.50017977
 2940.2971280 389678.39039 7522293.6843 -1846.650721 1899.6507212 375.66039000 -1206.815700 156.06824337 85.076241803 0.9795707800 158.50024764
 2950.2996488 389682.04274 7522284.4122 -1847.480802 1900.4808024 379.31274000 -1216.087800 156.06823519 85.402909003 0.9797546294 158.50023946
 2960.3021308 389685.69678 7522275.1359 -1848.254082 1901.2540822 382.96678000 -1225.364100 156.06810476 85.729308862 0.9789566772 158.50010903
 2970.3045672 389689.35237 7522265.8557 -1848.970535 1901.9705353 386.62237000 -1234.644300 156.06814288 86.055726799 0.9790152887 158.50014715
 2980.3070515 389693.00939 7522256.5718 -1849.630139 1902.6301387 390.27939000 -1243.928200 156.06824252 86.382163986 0.9790683796 158.50024679
 2990.3095917 389696.66774 7522247.2845 -1850.232871 1903.2328709 393.93774000 -1253.215500 156.06824668 86.708834284 0.9797620104 158.50025095
 3000.3120838 389700.32728 7522237.9942 -1850.778625 1903.7786251 397.59728000 -1262.505800 156.06815546 87.035488952 0.9797198889 158.50015973
 3010.3145413 389703.98791 7522228.7012 -1851.267471 1904.2674708 401.25791000 -1271.798800 156.06817914 87.361908220 0.9790172125 158.50018341
 3020.3170509 389707.64949 7522219.4057 -1851.699392 1904.6993921 404.91949000 -1281.094300 156.06821256 87.688330297 0.9790205440 158.50021683
 3030.3195280 389711.31192 7522210.1081 -1852.074375 1905.0743749 408.58192000 -1290.391900 156.06820237 88.014749809 0.9790160195 158.50020664
 3040.3220670 389714.97508 7522200.8086 -1852.392407 1905.3924071 412.24508000 -1299.691400 156.06822860 88.341421063 0.9797650024 158.50023287
 3050.3245702 389718.63884 7522191.5076 -1852.653391 1905.6533911 415.90884000 -1308.992400 156.06818620 88.668083554 0.9797422338 158.50019047
 3060.3270417 389722.30308 7522182.2054 -1852.857406 1905.8574057 419.57308000 -1318.294600 156.06823190 88.994502291 0.9790142603 158.50023617
 3070.3295795 389725.96769 7522172.9022 -1853.004444 1906.0044441 423.23769000 -1327.597800 156.06815567 89.320921302 0.9790086034 158.50015994
 3080.3319991 389729.63255 7522163.5985 -1853.094502 1906.0945018 426.90255000 -1336.901500 156.06836750 89.647399607 0.9791981984 158.50037177
 3082.2425086 389730.33256 7522161.8214 -1853.105219 1906.1052192 427.60256000 -1338.678600 156.06840850 89.684599941 0.5841429553 158.50041277
 3090.3345559 389733.29751 7522154.2944 -1853.146166 1906.1461662 430.56751000 -1346.205600 156.06819165 89.710072540 0.0944391011 158.50019592
 3100.3370178 389736.96248 7522144.9904 -1853.196780 1906.1967805 434.23248000 -1355.509600 156.06819381 89.710072573 0.0000064998 158.50019808
 3110.3395692 389740.62744 7522135.6863 -1853.247395 1906.2473949 437.89744000 -1364.813700 156.06830026 89.710073925 0.0003192651 158.50030453
 3120.3421243 389744.29241 7522126.3822 -1853.298009 1906.2980092 441.56241000 -1374.117800 156.06817004 89.710072919 0.0003905513 158.50017431
 3130.3445865 389747.95738 7522117.0782 -1853.348624 1906.3486235 445.22738000 -1383.421800 156.06819813 89.710072868 0.0000842546 158.50020240
 3140.3471382 389751.62234 7522107.7741 -1853.399238 1906.3992378 448.89234000 -1392.725900 156.06819957 89.710072585 0.0000043955 158.50020384
 3150.3496006 389755.28731 7522098.4701 -1853.449852 1906.4498522 452.55731000 -1402.029900 156.06820101 89.710072588 0.0000043052 158.50020528
 3160.3521525 389758.95227 7522089.1660 -1853.500466 1906.5004665 456.22227000 -1411.334000 156.06820244 89.710072877 0.0000043990 158.50020671
 3170.3546151 389762.61724 7522079.8620 -1853.551081 1906.5510808 459.88724000 -1420.638000 156.06820388 89.710072593 0.0000044011 158.50020815
 3180.3571672 389766.28220 7522070.5579 -1853.601695 1906.6016952 463.55220000 -1429.942100 156.06831032 89.710073945 0.0003192459 158.50031459
 3190.3597231 389769.94717 7522061.2538 -1853.652310 1906.6523095 467.21717000 -1439.246200 156.06820676 89.710072885 0.0003106132 158.50021103
 3200.3621823 389773.61213 7522051.9498 -1853.702924 1906.7029238 470.88213000 -1448.550200 156.06820820 89.710072602 0.0000043977 158.50021247
 3210.3647383 389777.27710 7522042.6457 -1853.753538 1906.7535382 474.54710000 -1457.854300 156.06820964 89.710072605 0.0000043110 158.50021391
 3220.3671978 389780.94206 7522033.3417 -1853.804153 1906.8041525 478.21206000 -1467.158300 156.06821107 89.710072894 0.0000043965 158.50021534
 3230.3697540 389784.60703 7522024.0376 -1853.854767 1906.8547668 481.87703000 -1476.462400 156.06821251 89.710072611 0.0000043913 158.50021678
 3240.3722136 389788.27199 7522014.7336 -1853.905381 1906.9053812 485.54199000 -1485.766400 156.06821395 89.710072613 0.0000043189 158.50021822
 3250.3747701 389791.93696 7522005.4295 -1853.955995 1906.9559955 489.20696000 -1495.070500 156.06832038 89.710074251 0.0003192481 158.50032465
 3260.3773230 389795.60192 7521996.1254 -1854.006610 1907.0066098 492.87192000 -1504.374600 156.06821682 89.710072619 0.0003106339 158.50022109
 3270.3797865 389799.26689 7521986.8214 -1854.057224 1907.0572242 496.53689000 -1513.678600 156.06821826 89.710072622 0.0000043101 158.50022253
 3280.3823396 389802.93185 7521977.5173 -1854.107839 1907.1078385 500.20185000 -1522.982700 156.06821970 89.710072911 0.0000044000 158.50022397
 3290.3848034 389806.59682 7521968.2133 -1854.158453 1907.1584528 503.86682000 -1532.286700 156.06819448 89.710072681 0.0000756332 158.50019875
 3300.3873603 389810.26179 7521958.9092 -1854.209067 1907.2090672 507.53179000 -1541.590800 156.06822257 89.710072631 0.0000842493 158.50022684
 3310.3898207 389813.92675 7521949.6052 -1854.259681 1907.2596815 511.19675000 -1550.894800 156.06822401 89.710072920 0.0000044051 158.50022828
 3320.3923778 389817.59172 7521940.3011 -1854.310296 1907.3102958 514.86172000 -1560.198900 156.06822544 89.710072636 0.0000043851 158.50022972
 3330.3948383 389821.25668 7521930.9971 -1854.360910 1907.3609102 518.52668000 -1569.502900 156.06822688 89.710072639 0.0000043045 158.50023115
 3340.3973956 389824.92165 7521921.6930 -1854.411525 1907.4115245 522.19165000 -1578.807000 156.06833332 89.710074277 0.0003192632 158.50033759
 3350.3999494 389828.58661 7521912.3889 -1854.462139 1907.4621388 525.85661000 -1588.111100 156.06822976 89.710072645 0.0003106295 158.50023403
 3360.4024139 389832.25158 7521903.0849 -1854.512753 1907.5127532 529.52158000 -1597.415100 156.06823119 89.710072648 0.0000042971 158.50023546
 3370.4049679 389835.91654 7521893.7808 -1854.563367 1907.5633675 533.18654000 -1606.719200 156.06823263 89.710072937 0.0000043938 158.50023690
 3380.4074325 389839.58151 7521884.4768 -1854.613982 1907.6139818 536.85151000 -1616.023200 156.06823407 89.710072654 0.0000043949 158.50023834
 3390.4099867 389843.24647 7521875.1727 -1854.664596 1907.6645962 540.51647000 -1625.327300 156.06823550 89.710072656 0.0000043134 158.50023977
 3400.4124516 389846.91144 7521865.8687 -1854.715211 1907.7152105 544.18144000 -1634.631300 156.06823694 89.710072946 0.0000043951 158.50024121
 3410.4150059 389850.57640 7521856.5646 -1854.765825 1907.7658248 547.84640000 -1643.935400 156.06834337 89.710074011 0.0003192314 158.50034764
 3420.4175641 389854.24137 7521847.2605 -1854.816439 1907.8164392 551.51137000 -1653.239500 156.06784404 89.710066683 0.0014977712 158.49984831
 3423.3482171 389855.31520 7521844.5345 -1854.831269 1907.8312692 552.58520000 -1655.965500 156.06770533 89.710064605 0.0014199908 158.49970960
